-6.057 20.029 2.824 14 83 78
-6.061 20.026 2.726 13 84 81
-6.047 19.940 2.570 18 76 72
-6.053 20.028 2.222 18 81 76
-5.983 19.590 2.506 13 79 78
-6.072 20.113 2.947 11 83 78
-6.029 20.010 2.068 15 78 77
-6.084 20.135 2.981 5 106 97
-6.066 20.109 2.662 11 95 89
-6.020 19.601 2.583 15 95 91
-6.046 20.016 2.889 16 79 76
-6.049 20.012 2.977 23 87 83
-6.057 20.099 2.410 14 84 83
-6.073 20.093 3.013 17 103 95
-5.953 20.001 2.243 13 94 93
-6.063 20.052 2.934 13 82 80
-6.006 20.016 2.835 16 81 75
-6.101 20.545 2.475 13 86 83
-6.053 20.012 2.670 23 82 79
-5.973 20.014 2.791 15 105 101
-6.027 19.697 2.477 9 82 82
-6.048 19.908 2.580 18 77 72
-6.059 20.099 2.322 13 87 85
-6.067 20.045 2.978 16 86 81
-6.022 19.726 2.488 11 81 79
-6.071 20.132 2.443 9 90 89
-5.978 20.012 2.616 12 96 97
-6.058 20.099 2.344 11 88 81
-6.060 20.068 2.562 12 79 77
-6.033 20.011 2.758 15 77 79
-5.969 20.016 2.735 17 103 98
-5.965 20.009 2.363 14 86 86
-6.085 20.329 2.503 12 86 83
-6.014 20.012 2.769 16 75 76
-5.989 20.012 1.991 20 77 74
-5.990 20.016 2.779 16 88 85
-6.049 20.033 2.342 13 82 78
-6.011 20.012 2.922 17 79 80
-6.047 20.071 1.993 16 89 84
-6.071 20.101 2.694 11 97 89
-6.037 19.790 2.566 16 87 82
-5.982 20.012 2.397 18 75 74
-6.091 20.420 2.516 16 84 86
-6.014 20.008 1.959 17 77 74
-5.989 19.973 2.461 19 79 78
-6.014 20.013 2.735 19 81 76
-6.067 20.133 2.585 12 90 85
-5.982 20.015 2.221 18 81 78
-6.023 20.011 2.309 15 78 76
-6.102 20.543 2.508 19 78 78
-5.978 20.017 2.309 19 80 78
-6.064 20.061 2.639 15 82 82
-6.066 20.109 2.837 9 87 85
-6.045 20.046 2.003 15 84 80
-6.095 20.474 2.462 10 90 90
-5.978 20.014 2.418 14 71 71
-6.063 20.129 2.388 11 92 91
-6.093 20.419 2.483 12 83 82
-6.080 20.278 2.513 10 83 84
-6.047 20.017 2.801 17 80 75
-6.031 20.005 2.265 14 79 79
-5.989 20.017 2.747 18 88 85
-6.057 20.034 2.617 11 85 85
-5.985 20.010 2.353 15 76 76
-6.083 20.331 2.525 11 80 80
-6.058 20.010 2.528 15 79 77
-5.985 20.008 2.440 25 70 69
-5.982 20.016 2.199 32 82 79
-6.039 19.808 2.534 11 81 77
-5.969 20.013 2.977 11 99 98
-6.071 20.119 2.805 12 118 113
-6.096 20.492 2.496 12 87 83
-6.057 20.047 2.288 15 85 76
-6.006 20.009 2.265 18 78 77
-6.024 19.837 2.469 12 83 81
-6.072 20.161 2.565 15 82 79
-6.089 20.387 2.593 4 131 117
-6.053 20.023 2.484 16 80 77
-5.987 20.009 2.331 13 80 77
-6.061 20.081 2.760 15 88 81
-6.064 20.049 2.770 14 83 82
-5.987 20.014 2.178 26 77 77
-5.946 20.009 2.199 9 99 92
-6.028 20.015 2.845 16 79 77
-6.085 20.314 2.536 14 83 78
-6.026 20.008 2.407 16 70 70
-6.053 20.024 2.298 9 84 83
-6.034 19.756 2.576 15 97 92
-6.073 20.120 2.751 12 117 114
-6.018 20.011 2.626 15 77 74
-6.018 20.010 2.669 14 79 79
-6.049 20.038 2.245 14 78 78
-6.011 20.011 2.024 15 72 71
-6.079 20.279 2.535 15 83 79
-6.076 20.214 2.555 16 89 87
-5.968 20.015 2.100 24 74 76
-6.013 19.966 2.461 22 73 69
-6.041 19.868 2.492 12 77 74
-6.045 20.016 2.856 17 77 77
-6.058 20.073 2.343 8 83 80
-6.067 20.107 2.860 9 87 86
-6.054 20.083 2.398 14 84 81
-6.092 20.440 2.473 12 85 86
-6.048 20.043 1.982 15 93 83
-6.053 20.089 2.234 9 82 84
-6.004 20.019 2.867 16 80 76
-6.054 20.013 2.748 18 82 77
-6.081 20.260 2.578 18 119 104
-5.987 20.013 2.046 18 76 75
-6.027 20.012 2.977 19 80 76
-6.044 19.979 2.484 12 81 79
-6.070 20.124 2.234 7 99 95
-5.987 20.018 2.813 16 94 87
-6.051 20.062 2.069 14 88 85
-5.984 20.011 2.374 12 74 75
-6.071 20.238 2.566 15 94 87
-6.063 20.055 2.815 16 83 80
-6.056 20.097 2.497 13 80 80
-6.041 19.979 2.593 16 75 72
-5.952 19.582 2.517 9 81 82
-6.050 20.034 2.266 13 83 81
-6.088 20.382 2.560 13 87 83
-6.030 19.633 2.584 13 104 98
-6.024 19.606 2.605 2 109 108
-6.072 20.115 2.925 12 87 80
-5.950 20.012 2.089 17 80 80
-5.971 20.009 2.955 12 102 97
-6.073 20.111 2.991 21 95 87
-6.056 20.035 2.649 13 85 80
-6.062 20.144 2.477 13 78 76
-6.001 19.589 2.474 25 82 82
-6.100 20.523 2.552 14 83 80
-6.090 20.362 2.592 6 129 122
-6.010 20.010 2.999 18 84 81
-6.051 20.031 2.178 15 83 82
-6.096 20.531 2.453 13 85 96
-5.990 20.013 1.959 23 74 73
-6.070 20.035 2.999 19 104 98
-6.092 20.420 2.538 15 87 82
-6.052 20.014 2.649 20 82 77
-6.060 20.072 2.267 10 81 80
-6.054 20.103 2.377 13 87 83
-6.100 20.486 2.541 11 82 79
-6.053 20.014 2.605 19 80 77
-6.050 20.099 2.070 14 86 84
-6.090 20.444 2.561 13 87 84
-6.025 19.664 2.563 17 83 78
-6.049 20.012 2.955 16 85 84
-6.071 20.232 2.479 13 88 84
-5.950 20.010 2.002 14 85 84
-6.064 20.052 2.868 14 83 79
-6.021 19.895 2.460 8 89 90
-6.045 20.015 2.911 17 82 78
-6.024 19.641 2.563 14 82 78
-6.094 20.475 2.484 14 87 83
-6.058 20.075 2.431 12 81 80
-6.061 20.022 2.867 15 79 78
-6.064 20.049 2.792 21 83 78
-6.081 20.342 2.547 12 80 77
-6.059 20.139 2.082 8 120 113
-6.054 20.021 2.506 14 80 78
-6.067 20.044 2.846 12 84 81
-6.072 20.092 2.913 17 87 80
-6.053 19.960 2.581 20 77 71
-5.967 20.014 2.845 7 111 102
-6.035 20.009 1.959 23 88 84
-6.050 19.965 2.505 20 81 76
-6.074 20.113 2.881 11 93 86
-6.066 20.112 2.586 13 87 84
-6.050 20.051 2.398 12 78 77
-6.062 20.128 2.278 10 101 95
-6.065 20.121 2.334 12 92 85
-6.046 19.855 2.546 14 77 78
-6.077 20.291 2.568 14 96 91
-6.089 20.507 2.463 12 88 89
-6.050 20.097 2.015 13 84 85
-6.084 20.328 2.581 15 109 104
-6.043 20.010 2.320 15 80 77
-6.054 20.040 2.562 11 75 77
-6.064 20.117 2.465 14 79 78
-6.101 20.482 2.573 19 94 88
-6.065 20.074 2.804 12 87 83
-6.005 20.014 2.955 15 81 79
-6.028 19.774 2.489 11 79 79
-6.025 20.007 2.429 17 71 69
-6.004 20.014 2.210 14 80 75
-6.098 20.526 2.497 12 81 81
-6.007 20.016 2.791 18 79 75
-6.074 20.088 2.957 15 82 77
-6.061 20.132 2.202 11 89 85
-5.942 19.591 2.474 13 84 85
-6.057 20.029 2.780 16 82 79
-6.037 19.849 2.491 13 74 75
-6.070 20.243 2.512 12 89 86
-6.040 19.809 2.490 11 78 77
-6.051 20.096 1.993 16 86 83
-6.067 20.127 2.059 9 127 115
-6.043 20.008 2.375 19 77 73
-6.074 20.157 2.586 12 110 102
-5.987 20.014 2.024 23 73 73
-6.087 20.129 2.893 6 127 123
-6.051 19.994 2.495 19 82 79
-6.081 20.134 2.937 9 99 96
-6.059 20.064 2.748 16 87 84
-6.050 20.030 2.386 13 79 75
-5.966 20.017 2.823 12 116 108
-6.010 20.013 2.002 17 74 73
-6.096 20.471 2.518 12 82 82
-6.018 20.012 2.648 16 75 74
-6.051 20.095 1.971 14 86 86
-6.037 20.030 2.025 12 84 81
-5.968 20.011 2.900 4 104 98
-6.075 20.215 2.534 15 86 87
-6.051 20.031 2.320 15 83 81
-6.033 20.003 2.243 14 76 77
-6.039 20.027 2.003 15 85 81
-5.988 20.015 2.856 20 83 81
-5.991 20.009 2.101 22 81 73
-6.048 20.098 2.190 9 86 81
-6.070 20.173 2.466 13 80 80
-6.067 20.047 2.715 11 81 81
-6.059 20.086 2.684 13 85 81
-6.024 20.013 2.200 7 80 80
-6.070 20.099 2.772 10 94 86
-6.022 19.669 2.476 12 81 81
-6.094 20.415 2.571 13 100 92
-6.060 20.070 2.321 11 85 82
-6.063 20.058 2.540 9 83 79
-5.973 20.014 2.769 18 102 99
-6.047 20.015 2.835 17 80 77
-6.013 20.014 2.813 20 83 75
-5.967 20.015 2.122 19 73 74
-6.088 20.385 2.516 17 84 84
-6.005 20.008 2.319 19 78 75
-6.070 20.173 2.510 8 75 76
-6.070 20.128 2.619 11 109 101
-6.068 20.039 2.912 12 84 80
-6.059 20.141 2.169 7 80 78
-6.055 20.082 2.212 10 86 83
-6.085 20.396 2.482 14 85 84
-6.069 20.062 3.000 18 101 96
-6.003 20.012 2.297 21 76 75
-6.056 20.093 2.596 8 82 79
-6.050 20.010 2.999 19 105 99
-5.970 20.018 2.659 19 111 103
-5.967 20.008 2.341 13 88 85
-5.973 20.014 2.637 18 104 101
-6.066 20.071 2.847 10 83 80
-6.050 20.012 2.933 18 83 82
-6.047 20.071 1.971 14 89 84
-5.977 20.020 2.243 14 85 83
-5.970 20.014 2.002 16 81 75
-5.994 20.015 2.659 22 88 81
-6.063 20.076 2.782 15 86 83
-6.026 20.000 2.604 14 76 72
-6.011 20.013 1.981 16 77 74
-6.003 19.586 2.506 15 76 75
-6.039 19.808 2.555 13 86 83
-6.068 20.041 2.890 12 80 79
-6.069 20.188 2.554 14 76 76
-6.106 20.539 2.564 15 83 81
-6.072 20.096 2.815 11 89 85
-6.085 20.314 2.558 14 82 78
-6.103 20.541 2.542 16 86 78
-5.972 20.007 2.998 10 103 99
-6.007 19.919 2.460 8 88 90
-6.096 20.109 3.023 3 124 112
-5.981 20.013 2.276 15 86 82
-6.074 20.295 2.502 13 83 81
-6.063 20.057 2.617 13 84 80
-6.051 20.027 2.452 12 76 77
-6.065 20.112 2.607 12 90 82
-6.052 20.120 1.972 15 91 87
-6.054 20.112 2.169 8 83 79
-5.966 20.005 2.451 27 77 77
-6.072 20.122 2.729 13 121 115
-5.975 20.014 2.681 17 115 108
-6.070 20.108 2.531 9 82 75
-5.946 20.012 2.067 25 93 84
-6.101 20.522 2.519 13 80 82
-6.111 20.527 2.586 8 91 85
-6.071 20.123 2.772 14 117 113
-6.064 20.116 2.509 11 83 79
-6.088 20.370 2.481 14 85 84
-6.071 20.093 2.881 12 90 87
-5.985 20.018 2.878 16 83 81
-5.988 20.014 2.911 16 81 81
-6.070 20.100 2.738 11 97 90
-6.084 20.396 2.538 14 85 82
-6.046 20.042 2.080 16 82 79
-6.031 20.011 2.823 14 81 77
-5.945 20.010 2.177 12 96 92
-6.071 20.097 2.794 14 92 85
-6.051 20.122 1.993 12 95 91
-6.006 20.004 2.451 15 63 68
-6.048 19.972 2.527 14 80 74
-6.023 19.720 2.597 12 137 133
-6.066 20.193 2.533 17 76 77
-6.018 19.598 2.485 11 79 79
-6.066 20.068 2.946 13 79 78
-5.992 20.015 2.725 20 86 83
-6.072 20.115 2.904 11 90 82
-6.075 20.223 2.588 11 122 106
-6.068 20.038 2.955 10 82 82
-6.023 20.009 2.331 9 78 76
-6.082 20.133 2.915 9 106 99
-6.068 20.188 2.577 16 101 93
-6.036 20.008 2.681 11 81 77
-6.063 20.062 2.453 11 80 79
-6.054 20.045 2.441 11 78 77
-6.069 20.165 2.543 14 75 74
-6.065 20.077 2.705 14 86 79
-5.949 20.007 2.133 16 81 85
-6.062 20.003 2.582 13 75 75
-5.971 20.010 2.933 12 107 100
-6.065 20.127 2.312 9 102 97
-6.046 20.043 2.058 11 84 81
-5.982 19.590 2.528 17 79 76
-6.029 19.770 2.543 15 86 82
-6.049 20.101 2.048 18 86 84
-6.028 20.010 2.222 8 78 76
-6.055 20.106 2.278 13 88 85
-6.035 19.873 2.470 16 82 84
-6.049 19.909 2.558 18 77 75
-5.983 20.018 2.068 17 81 81
-6.035 19.738 2.586 20 123 119
-6.094 20.498 2.518 12 83 79
-6.075 20.085 2.979 15 88 80
-6.033 19.742 2.500 9 77 78
-6.092 20.438 2.505 13 84 84
-6.052 20.029 2.201 12 84 80
-6.071 20.114 2.969 11 87 80
-6.051 20.016 2.627 16 83 80
-6.052 20.050 2.354 8 82 78
-6.028 19.752 2.467 8 87 87
-6.078 20.124 2.410 4 102 95
-6.066 20.069 2.913 18 84 79
-6.074 20.089 2.936 16 85 80
-6.053 20.047 2.420 11 76 75
-6.053 20.116 2.081 8 91 88
-6.079 20.346 2.481 14 89 84
-6.042 20.011 2.342 13 80 76
-6.047 20.071 2.015 16 84 85
-6.088 20.367 2.537 13 86 81
-6.002 20.011 2.407 15 70 69
-6.062 20.087 2.541 12 81 76
-6.005 20.011 2.243 18 76 75
-6.051 19.991 2.517 16 81 76
-6.058 20.143 2.004 5 121 110
-6.064 20.138 2.564 14 83 81
-6.002 20.005 2.604 18 79 79
-6.057 19.981 2.571 11 78 74
-6.053 20.053 2.233 11 85 82
-6.083 20.131 2.959 9 96 93
-6.020 20.013 2.385 13 71 71
-6.054 19.957 2.560 19 73 74
-6.058 20.068 2.661 10 84 81
-5.962 20.012 2.385 16 82 83
-6.040 19.807 2.577 15 93 86
-6.029 20.015 2.791 18 82 75
-6.071 20.048 2.496 8 81 80
-6.040 19.803 2.599 7 122 115
-6.072 20.240 2.534 14 82 81
-6.038 19.790 2.544 18 85 81
-6.091 20.443 2.528 14 83 82
-6.097 20.468 2.550 14 84 81
-5.953 20.008 1.968 16 77 79
-6.003 20.017 2.977 16 77 76
-6.027 20.015 2.867 16 77 76
-6.055 20.107 2.212 11 88 85
-5.950 20.003 2.308 6 99 95
-5.966 20.014 2.177 22 79 76
-6.056 20.081 2.168 11 84 79
-6.028 20.010 2.090 13 77 76
-6.073 20.098 2.716 10 94 92
-6.062 20.081 2.727 14 83 79
-6.034 20.006 2.112 18 71 74
-6.080 20.263 2.556 16 87 84
-6.028 19.711 2.499 13 82 81
-6.048 20.067 2.048 18 86 86
-5.964 20.018 2.867 8 105 95
-6.013 19.607 2.463 9 89 90
-6.029 20.008 2.287 10 78 78
-5.977 19.595 2.593 15 102 98
-6.025 19.663 2.595 15 123 118
-6.076 20.289 2.590 11 129 112
-5.997 20.008 1.903 14 69 68
-6.044 20.022 1.926 12 87 84
-6.040 20.030 1.894 13 84 84
-6.048 20.072 1.916 20 85 84
-5.978 20.011 1.805 11 72 69
-6.014 20.009 1.925 18 75 70
-5.979 20.008 1.827 12 75 72
-6.044 20.051 1.905 13 83 82
-6.049 20.105 1.807 11 77 74
-5.956 20.011 1.849 17 74 70
-6.035 20.009 1.838 25 76 75
-6.043 20.055 1.795 8 80 77
-6.043 20.078 1.894 16 84 83
-5.999 20.007 1.849 13 70 69
-5.960 20.003 1.815 13 77 74
-5.987 20.017 1.937 17 75 72
-6.046 20.049 1.872 11 83 82
-6.047 20.049 1.839 9 82 78
-6.021 20.002 1.816 11 75 71
-6.043 20.138 1.796 13 70 69
-6.039 20.033 1.817 14 79 76
-6.049 20.128 1.873 12 75 74
-6.046 20.111 1.895 16 83 81
-6.043 20.119 1.785 12 77 73
-6.049 20.125 1.949 14 87 84
-6.043 20.118 1.829 10 81 77
-6.041 20.029 1.838 14 79 78
-6.035 20.014 1.806 11 78 78
-6.032 20.011 1.904 23 81 81
-5.999 20.006 1.882 13 69 70
-5.973 20.013 1.903 18 69 68
-5.956 20.009 1.936 20 80 77
-6.046 20.110 1.927 14 86 85
-6.038 20.035 1.795 11 79 76
-5.971 20.016 1.870 12 70 70
-6.040 20.065 1.817 12 78 78
-6.037 20.009 1.860 16 78 77
-6.002 20.003 1.827 15 71 68
-6.035 20.012 1.882 12 81 80
-6.040 20.086 1.795 11 78 77
-6.050 20.098 1.949 8 85 85
-5.955 20.011 1.892 10 70 70
-6.031 20.010 1.937 17 78 76
-6.042 20.140 1.818 11 77 73
-6.049 20.102 1.873 13 83 82
-5.967 20.155 1.836 11 86 82
-6.038 20.149 2.237 8 96 95
-5.979 20.152 2.943 20 93 89
-5.984 20.368 2.542 22 86 82
-5.998 20.530 2.573 20 87 84
-5.946 20.091 2.001 24 80 79
-5.953 19.999 2.545 23 82 81
-5.971 20.152 2.611 18 83 81
-6.061 20.146 2.653 8 148 152
-6.000 20.154 1.830 9 87 84
-6.000 20.155 2.910 11 95 94
-5.942 20.063 1.853 28 79 78
-5.959 20.091 2.499 21 81 80
-5.959 20.115 2.421 22 82 79
-5.969 20.142 2.714 22 92 88
-6.018 19.856 2.466 5 83 82
-5.970 20.083 3.001 25 100 102
-5.963 20.139 2.485 20 81 77
-5.960 20.078 2.594 21 80 81
-6.015 20.150 2.438 11 69 65
-6.011 20.256 2.466 27 84 81
-5.955 20.116 2.268 22 80 78
-5.949 19.951 2.576 22 79 78
-5.934 19.794 2.485 22 86 82
-5.969 20.140 2.688 22 88 86
-5.951 20.080 2.154 19 79 78
-6.018 20.150 2.084 9 92 87
-6.073 20.570 2.582 12 127 131
-5.962 20.089 2.627 23 84 83
-5.963 20.072 2.680 24 85 82
-5.966 20.034 3.007 22 94 91
-5.983 20.376 2.499 19 84 83
-5.976 20.276 2.570 25 84 84
-5.961 20.140 2.366 22 82 81
-5.968 20.178 2.523 22 79 78
-5.976 20.269 2.596 20 118 115
-5.954 20.130 2.182 30 84 80
-5.937 19.834 2.514 21 84 80
-5.945 20.094 1.900 18 77 78
-5.967 20.174 2.583 23 84 81
-5.928 19.720 2.503 20 83 82
-5.948 20.110 1.990 25 83 79
-6.025 20.151 1.899 14 91 91
-6.047 20.570 2.471 7 91 90
-5.954 20.115 2.235 21 83 79
-5.959 20.086 2.542 24 80 79
-6.015 20.152 2.708 9 109 106
-5.973 20.132 2.885 19 89 88
-6.078 20.142 2.638 3 144 141
-5.991 20.452 2.540 21 82 81
-5.939 19.842 2.479 25 86 82
-5.974 20.139 2.968 25 92 88
-5.950 20.048 2.259 22 87 86
-5.981 20.153 1.929 9 89 85
-5.952 20.031 2.439 24 83 80
-5.949 20.126 1.804 22 76 75
-6.002 20.151 2.343 9 88 85
-5.943 19.889 2.482 27 86 83
-6.061 20.573 2.522 7 96 91
-5.945 20.091 1.858 24 78 77
-5.969 20.054 2.988 30 91 88
-5.971 20.115 2.912 21 86 86
-5.966 20.036 2.888 27 86 84
-5.950 19.970 2.531 25 84 80
-5.980 20.320 2.523 21 85 80
-5.974 20.264 2.521 27 82 80
-5.944 20.022 2.254 21 97 96
-5.973 20.111 2.998 22 93 90
-5.956 20.039 2.573 19 80 79
-6.041 20.577 2.494 7 94 91
-5.949 20.104 2.050 23 82 83
-5.997 20.324 2.465 20 78 80
-5.970 20.109 2.828 20 84 85
-5.948 20.144 1.911 22 82 81
-6.066 20.157 2.975 3 124 132
-5.946 20.039 2.227 28 82 81
-5.946 20.045 2.192 27 82 81
-5.964 20.066 2.740 36 84 80
-5.966 20.104 2.727 21 83 82
-5.944 19.894 2.558 22 81 80
-5.945 20.098 1.816 21 75 74
-5.948 20.140 1.861 22 82 78
-5.952 20.149 2.020 22 88 85
-5.955 20.137 2.139 20 83 82
-5.973 20.244 2.515 21 84 80
-5.954 20.152 1.952 29 87 84
-5.951 19.965 2.600 22 96 97
-5.980 19.934 2.470 13 81 76
-6.066 20.416 2.458 9 77 77
-5.962 20.154 2.164 17 85 84
-6.009 20.153 2.665 10 108 111
-6.081 20.571 2.524 17 97 95
-5.964 20.143 2.552 24 84 81
-5.967 20.180 2.549 22 83 82
-5.946 20.050 2.115 22 81 78
-5.960 20.128 2.461 20 80 79
-5.974 20.155 1.904 12 90 87
-5.975 20.239 2.583 21 91 87
-6.007 20.152 1.872 9 90 87
-5.946 19.914 2.572 24 83 80
-5.957 20.021 2.601 22 92 95
-5.993 20.397 2.463 19 86 83
-5.996 20.528 2.531 21 80 79
-5.984 20.394 2.488 25 86 86
-6.006 19.734 2.472 10 81 81
-6.012 20.147 2.387 10 84 80
-5.947 20.084 2.044 20 83 82
-5.988 20.154 2.892 9 95 94
-5.971 20.155 1.980 13 89 86
-5.952 19.980 2.573 27 80 79
-6.024 20.149 2.362 10 89 84
-5.987 20.154 2.774 9 96 93
-6.048 20.146 2.305 9 87 86
-5.930 19.749 2.516 22 82 81
-5.939 19.862 2.502 24 86 82
-5.975 20.283 2.510 20 82 81
-6.052 20.387 2.461 9 87 86
-5.940 19.855 2.546 19 80 79
-5.943 20.058 1.938 20 79 78
-6.022 20.152 2.913 10 97 97
-5.949 20.079 2.121 21 80 76
-5.996 20.153 2.065 9 89 85
-5.949 20.127 1.972 23 83 79
-5.999 20.556 2.552 32 82 82
-5.978 20.294 2.543 23 83 82
-5.965 20.046 2.862 18 88 85
-5.974 20.142 3.010 22 99 92
-5.933 19.783 2.597 28 104 102
-5.968 20.081 2.840 19 82 81
-5.957 20.073 2.510 20 80 79
-6.035 20.157 1.789 5 113 113
-5.961 20.113 2.513 19 82 81
-5.953 20.125 2.115 22 85 81
-5.949 20.050 2.149 27 82 78
-6.018 20.148 2.311 9 90 86
-5.935 19.831 2.599 19 108 108
-5.982 20.355 2.485 29 84 83
-6.057 20.531 2.451 2 80 76
-5.967 20.154 2.316 19 82 81
-5.956 20.110 2.336 18 82 78
-5.950 19.984 2.606 5 107 104
-5.990 20.436 2.559 21 82 81
-6.051 20.151 2.762 8 133 136
-5.955 20.074 2.366 20 80 78
-5.949 19.955 2.474 22 86 81
-5.961 20.144 2.417 20 79 78
-5.966 20.187 2.505 22 84 80
-5.949 20.057 2.241 19 81 80
-5.987 20.397 2.539 21 84 83
-5.986 20.413 2.511 25 84 83
-5.943 19.892 2.524 26 82 83
-5.940 19.870 2.603 12 104 105
-5.928 19.737 2.484 21 82 80
-5.926 19.700 2.496 24 83 82
-5.967 20.062 2.834 25 85 82
-5.956 20.099 2.304 21 79 78
-6.041 20.513 2.461 13 81 81
-5.932 19.766 2.488 27 86 82
-5.941 19.856 2.579 22 80 79
-5.955 20.055 2.394 19 79 79
-5.962 20.146 2.450 24 79 78
-5.975 20.220 2.603 10 104 100
-5.964 20.142 2.527 22 82 79
-5.953 20.132 2.064 26 85 81
-5.961 20.057 2.716 25 86 83
-5.981 20.154 2.452 16 69 68
-5.944 20.056 2.030 23 80 79
-6.043 20.156 1.991 3 132 133
-6.003 20.539 2.463 22 81 81
-5.948 19.948 2.526 26 84 80
-5.963 20.059 2.766 23 86 82
-5.963 20.107 2.599 20 86 83
-5.953 20.094 2.212 19 82 78
-5.963 20.051 2.801 25 85 82
-5.953 20.019 2.686 3 128 126
-5.963 19.854 2.471 12 82 79
-5.966 20.066 2.876 27 85 81
-5.994 20.492 2.561 25 84 81
-5.970 20.203 2.469 30 84 80
-5.928 19.721 2.528 22 82 81
-5.971 20.153 2.349 13 85 84
-5.954 20.020 2.568 19 82 81
-5.957 20.081 2.475 22 80 79
-5.985 20.153 2.866 10 94 91
-5.959 20.050 2.606 19 84 80
-6.031 20.153 1.857 12 129 130
-6.034 20.148 2.456 28 72 72
-5.960 20.151 2.222 26 85 84
-6.008 19.771 2.467 8 83 82
-5.956 20.154 1.994 24 89 86
-5.996 20.513 2.592 20 106 109
-6.000 20.560 2.468 28 86 85
-5.942 19.910 2.496 24 85 84
-5.951 20.102 2.185 20 82 78
-5.957 20.119 2.310 23 80 81
-5.968 20.090 2.813 21 82 81
-5.966 20.154 2.586 23 85 81
-6.002 20.150 2.184 9 91 86
-5.990 20.152 2.638 11 93 89
-5.945 20.062 2.005 22 80 78
-5.974 20.129 2.987 24 90 87
-5.953 20.077 2.264 23 82 81
-5.939 20.027 1.899 25 94 96
-5.982 20.349 2.528 21 88 82
-5.961 20.095 2.575 21 83 79
-5.957 20.133 2.257 25 81 79
-5.934 19.778 2.529 21 81 80
-6.040 20.444 2.461 10 79 80
-5.940 20.032 1.974 19 82 83
-5.976 20.290 2.484 25 84 80
-6.087 20.570 2.566 18 107 105
-6.028 20.150 2.939 10 94 94
-6.039 20.149 2.888 10 106 107
-5.978 20.150 3.036 2 127 129
-6.030 20.164 2.614 12 106 101
-6.053 20.148 2.103 3 109 106
-5.960 20.041 2.735 20 87 83
-5.949 20.113 2.032 21 82 82
-5.991 20.470 2.521 25 82 81
-5.969 20.119 2.809 20 85 84
-5.961 20.071 2.654 27 84 83
-6.055 20.148 2.390 8 120 121
-5.999 20.552 2.494 22 84 83
-5.956 20.060 2.461 26 79 78
-5.964 20.032 2.948 24 90 86
-5.937 19.816 2.542 22 82 78
-6.017 20.153 1.966 10 95 94
-5.957 20.068 2.561 21 82 78
-5.970 20.145 2.756 25 92 88
-6.056 20.149 2.933 12 153 156
-5.993 20.474 2.571 23 89 82
-5.945 20.068 1.810 25 76 75
-5.948 20.025 2.330 20 118 120
-5.995 20.525 2.489 22 83 82
-5.975 20.155 2.030 9 89 85
-5.959 20.052 2.632 23 84 80
-6.081 20.568 2.481 8 102 101
-5.952 20.039 2.412 19 80 79
-6.070 20.474 2.459 12 77 76
-5.995 20.507 2.509 20 83 82
-5.984 20.373 2.600 13 130 124
-5.936 19.809 2.577 20 81 80
-6.008 20.152 2.015 10 87 86
-6.007 20.151 2.783 12 96 93
-5.950 19.987 2.512 22 86 85
-5.994 20.467 2.597 18 103 98
-5.959 20.123 2.394 21 81 78
-6.051 20.149 2.872 10 121 124
-5.946 20.035 2.168 25 96 93
-6.050 20.150 2.991 11 122 124
-5.953 20.026 2.499 26 82 80
-5.955 20.046 2.530 22 81 80
-6.048 20.231 2.464 17 81 80
-5.991 20.460 2.497 29 85 84
-5.969 20.201 2.546 25 82 81
-5.931 19.752 2.567 27 79 78
-5.973 20.134 2.918 22 90 90
-5.964 20.094 2.702 23 83 81
-5.948 20.075 2.079 21 84 80
-6.000 20.570 2.593 22 123 122
-6.041 20.150 2.796 10 137 130
-6.052 20.576 2.588 8 146 153
-6.013 20.575 2.518 11 91 88
-5.951 20.004 2.493 27 82 81
-5.958 20.028 2.711 23 95 94
-5.945 19.929 2.485 24 87 83
-5.953 20.036 2.379 19 82 81
-5.972 20.228 2.543 19 82 81
-5.968 20.065 3.012 23 110 107
-5.951 20.098 2.135 22 78 76
-5.985 20.232 2.467 21 81 81
-5.939 20.021 1.816 28 84 84
-5.939 19.820 2.474 29 84 83
-5.985 20.381 2.574 18 82 83
-5.944 20.080 1.835 25 77 76
-5.951 20.035 2.354 23 84 83
-5.955 20.028 2.541 19 81 80
-5.939 20.033 1.840 25 79 79
-5.943 20.027 2.050 24 85 85
-5.983 20.154 2.739 10 94 91
-5.939 19.827 2.566 23 82 81
-6.050 20.147 2.720 11 119 125
-5.973 20.112 2.887 24 85 82
-5.969 20.077 2.917 21 84 84
-5.988 20.434 2.508 25 85 84
-6.015 20.421 2.462 13 79 78
-5.994 20.154 2.825 11 99 94
-5.929 19.715 2.597 24 88 83
-5.967 20.059 2.927 22 85 84
-5.952 20.051 2.436 24 82 79
-5.972 20.107 2.939 23 89 83
-5.988 20.416 2.553 23 81 81
-5.977 20.311 2.490 23 85 81
-6.012 20.149 2.151 10 89 86
-6.018 20.149 2.210 11 86 85
-5.991 20.151 2.250 11 85 81
-6.072 20.442 2.455 6 78 78
-5.975 20.112 3.032 13 125 113
-6.064 20.151 3.018 10 129 155
-5.948 20.108 1.957 21 78 78
-6.043 20.293 2.455 2 87 94
-5.988 20.419 2.603 2 103 97
-5.943 20.061 1.979 23 80 79
-5.951 20.096 2.110 22 80 79
-6.005 20.152 2.125 9 87 85
-6.058 20.151 2.831 9 153 153
-5.941 20.047 1.905 31 79 80
-5.954 20.128 2.157 25 85 81
-6.016 20.152 1.940 9 97 96
-6.015 20.154 3.013 14 122 116
-5.946 19.934 2.552 23 83 79
-5.941 20.033 1.999 24 87 86
-5.947 19.916 2.606 8 106 101
-5.968 20.056 2.894 24 83 82
-5.969 20.191 2.572 27 83 80
-5.932 19.744 2.602 25 98 94
-5.992 20.153 2.681 11 94 94
-6.066 20.566 2.464 9 92 92
-5.948 20.124 1.913 17 78 77
-5.955 20.090 2.322 18 80 79
-5.965 20.085 2.720 18 82 79
-6.005 20.574 2.559 28 88 85
-6.022 20.496 2.461 14 80 80
-5.949 19.961 2.558 22 82 81
-5.984 20.378 2.524 22 84 80
-5.949 20.096 2.085 23 83 81
-5.996 20.155 2.978 9 96 93
-5.947 20.120 1.847 24 79 78
-5.949 20.062 2.165 18 81 78
-5.964 20.158 2.491 23 83 79
-5.963 20.155 2.188 19 86 83
-5.959 20.098 2.456 22 81 80
-6.027 19.920 2.467 11 80 80
-5.972 20.131 2.851 18 88 87
-5.960 20.043 2.658 18 85 85
-5.975 20.331 2.605 1 159 152
-5.954 20.145 2.104 28 86 85
-5.989 20.154 2.799 11 94 93
-5.943 20.067 1.920 29 78 77
-5.940 20.017 2.018 12 101 103
-6.039 20.151 2.017 9 102 99
-5.959 20.147 2.298 22 82 81
-5.956 20.062 2.486 24 81 80
-5.927 19.705 2.564 23 82 81
-5.968 20.128 2.648 19 88 86
-5.960 20.103 2.531 22 80 79
-6.006 20.150 2.226 9 87 86
-5.975 20.274 2.545 24 82 82
-5.932 19.769 2.548 24 81 80
-5.943 20.075 1.893 23 80 76
-6.025 20.149 2.261 10 84 84
-5.968 20.052 2.963 27 86 86
-5.945 19.912 2.538 25 83 82
-6.008 19.873 2.472 8 79 79
-5.973 20.242 2.482 27 83 82
-6.028 20.153 2.981 12 104 102
-6.062 20.201 2.460 4 92 93
-6.014 20.151 2.844 11 99 98
-6.015 20.151 1.798 8 89 87
-6.024 20.150 2.641 11 100 99
-5.946 20.048 2.091 27 83 79
-5.966 20.111 2.692 25 84 83
-5.946 20.087 1.960 25 77 76
-6.003 20.152 2.749 8 98 95
-6.055 20.152 2.677 8 169 176
-5.945 19.896 2.600 23 104 101
-5.963 20.126 2.588 23 83 79
-6.034 20.576 2.570 10 98 96
-5.938 20.036 1.864 22 78 79
-5.980 20.323 2.556 25 83 82
-5.958 20.078 2.433 22 81 77
-5.947 20.014 2.424 1 93 92
-5.944 19.705 2.472 15 81 82
-6.036 20.148 2.338 9 94 88
-6.062 20.269 2.460 4 99 100
-5.993 20.486 2.469 28 86 86
-5.949 20.136 1.937 23 82 81
-5.962 20.123 2.538 22 82 78
-5.945 20.032 2.126 24 92 89
-5.957 20.076 2.400 21 81 78
-5.965 20.118 2.623 18 88 87
-6.048 20.146 2.424 13 87 88
-5.945 20.103 1.882 19 77 76
-5.966 20.098 2.761 21 82 81
-6.059 20.353 2.457 5 91 92
-5.952 20.052 2.335 19 81 80
-5.957 20.091 2.347 18 81 77
-5.986 20.411 2.478 26 86 82
-6.027 20.148 2.135 10 94 91
-5.968 20.083 2.865 19 82 80
-5.954 20.096 2.254 23 82 78
-5.970 20.216 2.518 22 82 81
-5.966 20.138 2.629 20 85 85
-6.041 20.149 2.660 10 133 140
-6.005 20.150 2.100 11 89 85
-5.999 20.155 1.981 9 93 90
-5.953 19.982 2.470 25 82 81
-5.964 20.109 2.641 21 87 86
-5.938 20.021 1.925 24 101 101
-6.045 20.149 2.153 11 98 98
-6.049 20.148 2.187 9 104 100
-5.955 20.149 2.045 25 85 84
-5.948 19.936 2.595 16 85 85
-6.040 20.152 1.924 9 147 148
-5.996 20.151 2.419 11 75 74
-6.028 20.151 2.692 10 108 111
-5.995 20.155 2.715 10 98 95
-5.976 20.290 2.602 9 146 143
-6.057 20.152 2.449 9 100 102
-5.970 20.137 2.799 23 91 87
-5.968 20.125 2.741 19 87 83
-5.991 20.446 2.583 18 89 86
-5.988 20.409 2.579 20 93 86
-5.981 20.154 2.216 9 85 85
-6.061 20.570 2.488 7 96 93
-5.981 20.338 2.496 22 83 82
-5.951 20.129 2.014 23 82 81
-6.060 20.145 2.628 10 123 120
-5.980 20.316 2.591 20 129 118
-5.981 19.720 2.472 10 80 80
-5.983 20.343 2.579 28 89 86
-5.972 20.087 2.950 25 88 84
-6.054 20.150 2.907 9 125 132
-5.933 20.017 2.102 2 88 87
-5.961 20.119 2.479 25 79 78
-5.968 20.152 1.811 12 81 77
-5.990 20.429 2.467 25 87 84
-5.961 20.069 2.620 19 83 82
-6.008 20.154 2.809 10 102 99
-5.965 20.028 3.026 19 126 129
-6.046 20.151 2.957 10 103 110
-6.003 20.153 2.369 9 87 83
-5.985 20.372 2.466 26 87 84
-5.964 19.783 2.471 11 84 81
-6.031 20.361 2.463 16 84 84
-5.999 19.807 2.471 11 79 79
-5.967 20.154 2.088 12 86 85
-5.996 20.463 2.464 19 83 83
-6.027 20.154 1.831 13 135 137
-5.950 20.041 2.285 19 96 97
-5.997 20.513 2.465 27 79 79
-5.959 20.138 2.324 24 81 80
-6.030 20.149 2.413 9 83 80
-5.964 20.092 2.669 25 83 82
-5.999 20.152 2.462 27 71 70
-5.994 20.499 2.534 24 83 82
-5.942 19.869 2.476 29 86 83
-5.935 19.790 2.562 23 80 80
-5.960 20.046 2.692 23 84 83
-5.943 20.039 1.805 26 80 77
-5.999 20.545 2.521 23 82 81
-6.031 20.150 2.042 10 93 90
-5.966 20.088 2.788 20 82 81
-5.986 20.154 1.846 8 89 85
-6.029 20.157 3.031 5 162 156
-5.972 20.119 2.963 22 91 87
-6.036 20.147 2.838 9 148 141
-5.943 20.015 2.153 8 101 96
-6.010 20.152 2.041 9 93 89
-5.926 19.703 2.539 21 81 80
-5.983 20.157 2.392 10 82 78
-6.034 20.574 2.545 10 92 89
-5.956 20.150 1.793 24 78 77
-5.972 20.093 3.026 27 122 120
-5.928 19.724 2.570 22 83 82
-5.953 20.013 2.475 24 81 80
-5.954 20.016 2.517 26 83 82
-5.956 20.071 2.333 21 78 77
-6.027 20.149 2.778 10 98 95
-5.965 20.071 2.807 17 83 80
-5.960 20.030 2.753 22 94 89
-5.945 20.086 1.934 19 80 77
-5.953 20.032 2.465 25 81 80
-5.949 20.055 2.216 21 80 79
-5.974 20.263 2.496 24 82 81
-5.973 20.149 2.832 19 93 88
-5.961 20.032 2.778 20 96 92
-5.969 20.206 2.495 26 84 80
-5.936 19.752 2.473 21 85 84
-5.954 20.132 2.207 24 84 82
-5.937 19.811 2.602 19 104 105
-5.976 20.268 2.470 30 86 82
-5.962 20.130 2.503 20 83 79
-5.997 20.150 1.914 10 93 90
-5.946 20.065 2.055 22 84 80
-5.997 20.152 2.309 8 88 84
-6.071 20.512 2.454 6 78 77
-5.933 19.763 2.591 21 88 84
-5.951 20.072 2.189 21 79 78
-6.070 20.570 2.548 7 100 97
-6.014 20.342 2.464 17 83 83
-5.936 19.815 2.499 25 83 81
-6.010 20.154 2.962 11 91 91
-5.942 19.874 2.535 21 83 82
-5.945 20.086 1.800 25 75 74
-5.952 20.055 2.360 21 80 79
-5.970 20.155 2.257 13 87 84
-5.965 20.039 2.913 22 88 83
-6.020 19.815 2.463 1 96 96
-6.038 20.147 2.068 12 93 90
-6.024 20.574 2.468 8 91 87
-5.972 20.219 2.569 23 85 81
-5.970 20.095 2.898 27 84 83
-6.052 20.317 2.461 10 80 83
-5.997 20.153 1.947 10 94 91
-5.935 20.014 1.951 4 138 146
-5.947 20.107 1.932 20 78 77
-5.983 20.351 2.553 26 85 81
-6.034 20.571 2.520 7 92 89
-5.966 20.176 2.482 25 83 79
-5.991 20.153 1.888 9 92 88
-5.952 20.144 1.819 34 79 78
-6.051 20.150 2.220 7 91 92
-6.001 20.572 2.501 41 91 86
-5.958 20.103 2.371 24 84 80
-5.954 20.123 2.082 20 85 81
-5.969 20.136 2.774 24 85 83
-6.000 20.558 2.577 22 104 100
-5.944 20.016 2.288 4 106 106
-6.017 20.577 2.602 1 135 134
-6.041 20.153 1.950 7 143 144
-5.960 19.927 2.470 15 81 77
-5.941 20.040 1.948 21 80 81
-5.972 20.099 2.966 18 85 86
-5.995 20.493 2.585 21 88 88
-5.976 20.257 2.564 24 86 85
-5.988 19.868 2.471 8 82 82
-5.990 19.744 2.461 1 85 86
-5.947 20.123 1.888 20 79 78
-5.966 20.033 2.982 28 91 87
-5.961 20.105 2.557 20 83 79
-5.949 20.021 2.398 17 114 113
-5.933 19.771 2.572 22 81 79
-5.933 19.787 2.511 23 82 81
-5.935 20.019 1.875 22 90 92
-5.974 20.158 2.054 8 88 84
-5.972 20.191 2.598 21 94 89
-5.954 20.024 2.626 18 95 96
-5.945 19.931 2.510 28 83 82
-5.971 20.081 2.976 20 86 85
-5.956 20.042 2.488 24 81 80
-5.951 20.149 1.885 26 85 82
-5.981 20.336 2.470 27 85 82
-5.958 20.059 2.580 20 83 80
-5.985 20.303 2.467 21 84 81
-5.946 20.018 2.220 17 95 94
-5.974 20.153 2.131 11 87 85
-5.930 19.739 2.543 21 82 81
-5.971 20.155 1.870 14 87 84
-5.977 20.156 1.954 10 88 84
-6.031 20.148 2.169 9 92 89
-6.033 20.151 2.735 11 130 132
-5.974 20.154 2.005 9 91 88
-5.993 20.488 2.494 27 84 83
-6.030 20.273 2.465 17 80 80
-6.048 20.151 2.363 9 112 109
-5.998 20.157 3.029 10 128 126
-5.972 20.154 2.654 14 86 87
-5.944 19.877 2.577 23 83 82
-5.998 20.155 2.613 12 88 83
-5.948 19.958 2.507 23 86 82
-5.926 19.698 2.608 11 95 87
-5.979 20.296 2.576 23 87 86
-6.007 20.153 2.936 9 96 93
-5.971 20.103 2.863 22 83 82
-5.970 20.116 2.784 18 84 82
-6.022 20.152 1.991 10 93 93
-6.019 20.151 2.878 10 99 96
-5.941 20.055 1.879 22 80 79
-5.946 20.100 1.840 19 78 77
-5.953 20.001 2.587 25 86 85
-5.985 20.155 2.106 11 89 85
-6.056 20.154 2.702 7 167 171
-5.986 20.172 2.467 20 81 75
-5.957 20.095 2.414 20 81 77
-5.950 20.076 2.231 22 79 78
-5.957 20.005 2.408 1 107 106
-5.945 20.046 2.065 19 83 80
-5.957 20.094 2.389 20 82 79
-5.928 19.717 2.477 22 82 81
-6.025 20.147 2.110 13 91 88
-6.031 20.149 2.295 11 85 84
-5.962 20.034 2.812 22 88 84
-5.992 20.472 2.546 22 84 80
-6.051 20.152 2.127 3 107 106
-5.995 20.196 2.608 8 108 103
-5.950 20.019 2.660 2 112 114
-5.994 20.154 2.166 10 90 86
-5.952 20.099 2.160 20 79 78
-6.030 19.941 2.465 9 77 76
-5.943 20.050 1.829 27 78 77
-5.964 20.034 2.838 23 86 82
-5.988 20.441 2.483 24 87 83
-5.920 19.628 2.590 18 91 89
-5.924 19.671 2.500 24 85 81
-5.911 19.596 2.603 3 111 104
-6.006 19.651 2.466 5 85 85
-5.924 19.665 2.544 23 79 78
-5.920 19.637 2.547 19 82 78
-5.918 19.612 2.482 25 83 84
-5.926 19.685 2.584 21 84 79
-5.925 19.683 2.558 20 81 80
-5.924 19.648 2.478 23 81 80
-6.006 19.693 2.469 7 86 85
-5.918 19.606 2.525 25 87 83
-5.916 19.592 2.476 8 107 109
-5.923 19.657 2.579 19 87 81
-5.986 19.656 2.472 11 80 80
-5.921 19.633 2.513 21 83 82
-5.919 19.627 2.565 20 77 78
-5.927 19.676 2.474 22 81 78
-5.964 19.600 2.470 11 83 85
-5.993 19.610 2.470 9 80 80
-5.920 19.608 2.551 24 84 82
-5.946 19.643 2.471 15 80 81
-5.918 19.609 2.576 22 85 81
-5.925 19.681 2.524 22 84 81
-5.922 19.652 2.519 21 83 82
-5.926 19.667 2.603 20 104 95
-5.918 19.603 2.500 20 88 85
-5.920 19.620 2.609 11 114 108
-5.984 20.157 2.285 17 68 64
-6.062 20.150 2.257 5 71 70
-6.006 20.155 2.265 19 64 60
-6.050 20.150 2.277 21 76 74
-6.069 20.394 2.452 7 63 58
-5.950 20.136 2.278 5 68 65
-6.102 20.575 2.586 7 83 85
-6.016 20.175 2.461 20 66 62
-6.037 20.180 2.461 17 51 50
-6.059 20.577 2.565 16 70 71
-6.007 20.154 2.285 18 62 58
-6.097 20.575 2.497 14 65 62
-6.024 20.154 2.187 16 62 61
-6.035 20.152 2.386 18 60 59
-5.985 20.427 2.536 11 72 68
-5.990 20.157 2.146 18 63 59
-6.050 20.166 2.622 14 67 66
-5.938 20.036 2.033 7 61 57
-6.032 20.552 2.461 13 68 65
-6.029 20.237 2.612 11 64 63
-6.072 20.221 2.462 19 75 82
-6.088 20.417 2.458 14 55 51
-6.033 20.209 2.463 14 49 45
-5.958 19.803 2.471 15 80 76
-5.962 19.757 2.471 14 80 76
-5.981 20.171 2.619 18 104 108
-5.951 19.618 2.470 12 66 68
-6.061 20.150 2.787 31 75 75
-5.985 20.158 3.006 22 80 79
-5.992 20.199 2.464 20 46 47
-6.036 20.155 3.009 27 81 78
-6.094 20.570 2.545 24 75 71
-5.976 20.157 2.431 33 51 52
-6.043 20.170 2.126 19 98 104
-6.016 20.297 2.462 20 75 70
-6.016 20.578 2.488 43 118 119
-5.958 19.662 2.471 13 60 58
-5.954 20.075 2.302 4 104 107
-6.082 20.368 2.459 18 53 48
-6.020 20.393 2.461 11 82 83
-5.998 20.530 2.551 4 108 111
-6.074 20.315 2.461 13 63 60
-6.014 20.578 2.540 31 118 124
-6.072 20.150 2.755 16 109 102
-5.989 20.156 2.327 35 62 63
-6.061 20.149 2.808 30 80 77
-6.060 20.148 2.331 23 129 139
-5.970 19.626 2.468 8 75 77
-5.957 19.986 2.439 5 85 81
-6.029 20.153 2.859 30 78 74
-6.074 20.572 2.503 31 76 77
-6.039 20.254 2.463 17 48 47
-5.967 20.158 2.378 26 64 64
-6.012 20.202 2.464 21 46 45
-5.960 20.120 2.355 5 93 88
-6.077 20.151 3.001 23 79 73
-5.937 19.803 2.524 5 111 117
-6.032 19.740 2.541 23 69 69
-6.030 19.684 2.586 21 77 77
-6.050 20.020 2.157 22 84 84
-6.057 20.014 2.562 22 59 57
-6.050 19.953 2.469 24 77 77
-6.020 19.603 2.510 22 75 76
-6.028 19.695 2.523 22 72 68
-6.044 19.890 2.548 20 67 65
-6.023 19.631 2.541 13 70 70
-6.030 19.714 2.532 18 71 70
-6.055 19.994 2.553 23 61 59
-6.025 19.656 2.544 16 68 67
-6.026 19.675 2.509 21 72 71
-6.039 19.832 2.531 19 72 71
-6.048 19.929 2.522 20 67 65
-6.045 20.020 2.054 21 83 89
-6.052 20.003 2.470 22 66 64
-6.044 19.861 2.594 21 133 136
-6.047 19.928 2.495 21 70 69
-6.023 19.650 2.517 17 71 65
-6.046 20.023 2.114 23 75 81
-6.041 19.857 2.512 25 71 69
-6.045 19.896 2.503 24 76 76
-6.030 19.702 2.567 20 70 70
-6.051 19.949 2.530 22 67 65
-6.046 19.885 2.581 26 78 75
-6.041 19.845 2.569 24 64 62
-6.022 19.604 2.560 19 76 78
-6.033 19.773 2.521 16 73 70
-6.027 19.681 2.547 17 72 70
-6.040 19.834 2.586 20 85 78
-6.045 19.895 2.481 23 72 71
-6.046 20.018 2.136 23 116 116
-6.037 19.776 2.598 23 135 141
-6.055 20.014 2.414 20 119 118
-6.022 19.605 2.538 24 78 80
-6.053 20.018 2.360 28 98 102
-6.044 19.866 2.572 31 64 64
-6.021 19.622 2.503 20 74 73
-6.050 19.931 2.593 24 109 115
-6.029 19.726 2.515 20 71 69
-6.048 19.921 2.473 26 77 76
-6.048 19.936 2.549 19 62 60
-6.045 19.903 2.524 22 75 75
-6.023 19.648 2.484 18 76 77
-6.034 19.792 2.514 16 71 70
-6.039 19.837 2.509 22 72 70
-6.022 19.628 2.474 20 76 78
-6.043 19.882 2.521 22 69 69
-6.030 19.721 2.554 21 74 74
-6.054 20.015 2.436 22 109 111
-6.045 20.020 2.081 27 86 93
-6.031 19.699 2.600 21 157 154
-6.035 19.797 2.474 17 72 70
-6.032 19.741 2.563 21 69 68
-6.037 19.831 2.554 23 71 71
-6.037 19.817 2.516 18 69 68
-6.076 20.144 2.861 22 72 71
-6.059 20.134 2.147 25 72 68
-6.056 20.050 2.329 21 75 78
-6.063 20.048 2.679 20 80 79
-6.053 20.086 2.097 19 76 72
-6.086 20.365 2.516 20 73 74
-6.054 20.060 2.252 18 70 69
-6.069 20.086 2.862 19 75 76
-6.056 20.114 2.127 26 71 70
-6.069 20.153 2.526 20 61 59
-6.058 20.076 2.370 16 69 67
-6.081 20.313 2.483 22 73 72
-6.066 20.103 2.630 22 71 71
-6.057 20.092 2.298 27 76 77
-6.068 20.163 2.487 22 68 67
-6.062 20.053 2.586 21 74 74
-6.063 20.110 2.426 20 70 69
-6.080 20.284 2.469 25 75 76
-6.074 20.214 2.493 21 71 70
-6.070 20.128 2.825 20 73 74
-6.055 20.124 2.105 22 71 67
-6.072 20.196 2.511 23 63 62
-6.068 20.124 2.688 19 75 74
-6.052 20.062 2.143 18 69 68
-6.065 20.093 2.647 19 75 70
-6.066 20.025 2.935 17 84 102
-6.068 20.145 2.500 17 69 65
-6.059 20.049 2.476 21 73 73
-6.075 20.145 2.883 24 78 74
-6.049 20.038 2.139 23 75 75
-6.061 20.069 2.507 18 69 68
-6.063 20.037 2.696 22 79 81
-6.075 20.115 3.013 25 74 73
-6.069 20.064 2.969 19 71 71
-6.068 20.034 3.023 27 127 133
-6.052 20.062 2.115 21 72 73
-6.061 20.127 2.360 22 72 70
-6.055 20.078 2.190 18 73 69
-6.070 20.139 2.708 18 73 72
-6.072 20.179 2.594 19 65 61
-6.052 20.051 2.171 19 70 69
-6.070 20.128 2.847 19 73 69
-6.052 20.052 2.209 22 72 70
-6.063 20.078 2.616 16 76 75
-6.076 20.258 2.472 26 74 75
-6.054 20.129 2.039 28 68 67
-6.062 20.092 2.461 20 72 71
-6.060 20.149 2.604 15 61 60
-6.066 20.101 2.564 18 70 70
-6.068 20.130 2.665 17 74 74
-6.059 20.032 2.538 18 70 68
-6.057 20.090 2.254 22 70 69
-6.061 20.142 2.238 26 70 69
-6.072 20.189 2.489 25 64 63
-6.055 20.087 2.140 17 67 66
-6.056 20.073 2.288 17 71 69
-6.084 20.332 2.465 22 77 78
-6.085 20.348 2.571 20 64 63
-6.068 20.124 2.644 29 76 73
-6.070 20.144 2.735 23 74 73
-6.067 20.128 2.528 19 76 72
-6.060 20.130 2.256 19 70 69
-6.033 20.152 2.817 10 78 79
-6.060 20.074 2.474 26 71 69
-6.078 20.259 2.494 21 74 70
-6.055 20.100 2.112 22 70 69
-6.057 20.107 2.149 25 69 68
-6.064 20.044 2.740 30 74 77
-6.065 20.118 2.486 21 72 68
-6.066 20.062 2.887 17 73 70
-6.054 20.148 2.054 29 69 68
-6.075 20.150 2.904 24 76 75
-6.089 20.402 2.501 20 76 75
-6.049 20.048 2.101 24 73 73
-6.084 20.306 2.581 26 73 75
-6.077 20.259 2.526 24 75 76
-6.060 20.027 2.588 23 77 75
-6.067 20.079 2.824 21 77 76
-6.063 20.078 2.583 20 74 72
-6.063 20.141 2.407 22 66 64
-6.080 20.297 2.523 21 73 69
-6.061 20.088 2.516 19 68 65
-6.077 20.135 3.021 23 133 133
-6.059 20.110 2.247 18 72 71
-6.069 20.080 2.896 26 70 70
-6.074 20.221 2.514 23 72 72
-6.059 20.043 2.515 19 71 69
-6.056 20.051 2.378 22 75 76
-6.072 20.072 3.018 22 93 92
-6.073 20.150 2.954 21 75 74
-6.078 20.243 2.588 23 88 88
-6.026 20.152 2.757 10 74 73
-5.993 20.155 2.845 11 81 80
-6.054 20.054 2.307 22 72 73
-6.067 20.121 2.551 24 74 70
-6.062 20.031 2.758 33 83 85
-6.085 20.351 2.501 25 69 67
-6.095 20.461 2.587 25 91 94
-6.102 20.562 2.464 28 73 72
-6.095 20.458 2.496 19 73 74
-6.101 20.504 2.577 20 81 81
-6.097 20.494 2.476 28 74 75
-6.105 20.559 2.561 29 69 67
-6.101 20.563 2.523 26 69 68
-6.094 20.436 2.584 21 77 78
-6.101 20.503 2.556 22 72 71
-6.104 20.547 2.584 23 120 117
-6.045 20.089 1.826 21 67 66
-6.049 20.075 1.941 27 79 75
-6.047 20.092 1.912 28 73 73
-6.049 20.053 2.029 24 76 77
-6.045 20.032 1.944 26 78 78
-6.046 20.050 1.959 30 77 77
-6.050 20.142 1.908 23 74 70
-6.048 20.104 1.846 27 73 69
-6.052 20.120 2.013 32 72 71
-6.051 20.131 1.925 30 77 76
-6.050 20.135 1.844 20 72 71
-6.046 20.078 1.870 24 72 72
-5.983 20.152 1.789 8 66 64
-6.045 20.071 1.843 30 72 71
-6.052 20.084 2.037 26 74 77
-6.006 20.155 1.852 9 67 63
-6.048 20.147 1.886 20 71 66
-6.054 20.145 1.967 21 70 71
-6.046 20.049 1.926 23 71 71
-5.994 20.153 1.810 9 66 60
-6.051 20.147 1.864 31 70 67
-6.044 20.032 1.966 35 78 86
-6.053 20.110 2.030 24 70 71
-6.046 20.019 1.983 26 89 94
-6.043 20.029 1.863 22 71 74
-5.960 20.154 2.278 14 79 79
-5.991 19.845 2.469 9 51 47
-6.012 20.374 2.461 14 56 50
-6.019 19.714 2.469 12 67 59
-5.987 19.764 2.470 8 51 45
-6.049 20.464 2.458 11 59 54
-6.019 20.472 2.459 13 56 50
-5.960 19.905 2.469 12 48 47
-6.041 20.340 2.461 12 56 50
-5.951 20.063 2.282 6 78 78
-5.963 19.884 2.470 12 52 48
-5.954 20.094 2.284 7 79 75
-5.965 19.829 2.470 12 49 48
-5.966 20.159 2.539 8 82 79
-5.966 20.119 2.671 7 81 82
-5.957 19.737 2.470 12 52 46
-5.942 19.783 2.470 19 49 45
-5.993 20.350 2.462 14 53 49
-5.982 19.693 2.469 9 54 48
-6.023 20.534 2.460 16 55 51
-6.081 20.546 2.457 11 68 62
-5.991 20.252 2.464 17 52 48
-5.978 20.154 2.919 16 91 85
-6.024 20.233 2.463 19 50 46
-5.996 20.278 2.463 19 53 49
-6.040 20.414 2.459 11 57 52
-5.996 19.903 2.469 9 54 48
-6.055 20.498 2.458 11 59 53
-6.030 20.312 2.462 12 53 49
-5.998 20.538 2.597 1 213 217
-5.946 20.084 1.981 8 73 74
-5.962 19.683 2.469 11 50 48
-5.950 20.050 2.305 6 81 77
-5.974 20.249 2.545 10 84 79
-6.018 20.441 2.460 15 54 50
-6.013 19.790 2.469 10 56 50
-5.965 20.158 2.467 26 77 76
-6.063 20.293 2.461 10 65 61
-5.944 20.066 1.958 6 75 69
-5.957 20.066 2.536 8 82 85
-5.968 19.958 2.467 18 51 47
-5.960 20.124 2.440 8 81 78
-5.922 19.646 2.603 11 201 212
-5.976 20.154 2.981 11 90 90
-5.979 20.154 2.699 14 86 82
-5.985 20.153 2.194 13 82 78
-5.946 20.085 2.023 10 77 74
-5.993 19.633 2.468 9 55 49
-5.954 20.061 2.417 7 79 74
-5.949 19.978 2.491 11 84 81
-5.973 20.128 2.944 11 92 91
-5.966 20.119 2.712 9 84 84
-5.966 20.160 2.566 9 79 76
-5.948 20.069 2.102 8 77 77
-6.007 20.221 2.464 22 50 44
-5.987 19.788 2.469 10 52 48
-5.988 20.395 2.595 9 192 201
-5.970 20.154 2.674 13 91 86
-5.938 19.836 2.535 8 82 79
-5.972 20.132 3.029 2 235 233
-5.962 20.154 2.398 12 78 75
-6.039 20.485 2.459 14 60 50
-5.982 20.356 2.509 7 80 76
-5.970 20.207 2.586 10 79 76
-5.940 19.857 2.522 10 82 78
-5.966 20.048 3.026 11 202 211
-5.960 19.717 2.469 14 51 47
-5.968 20.118 2.764 7 84 83
-5.975 19.975 2.443 7 67 63
-5.956 20.047 2.553 7 82 81
-5.966 20.066 2.788 6 83 80
-5.955 20.151 2.124 11 82 79
-6.017 20.576 2.581 11 92 101
-6.001 20.562 2.531 7 89 86
-6.009 19.587 2.557 26 68 63
-6.013 19.588 2.597 25 86 85
-5.971 19.591 2.570 24 71 66
-5.955 19.593 2.535 25 71 66
-5.987 19.589 2.555 26 66 61
-5.950 19.594 2.568 30 68 63
-5.961 19.591 2.490 23 66 61
-5.953 19.592 2.591 28 70 63
-6.003 19.588 2.534 27 69 64
-5.991 19.588 2.606 3 128 126
-5.997 19.588 2.583 28 67 56
-5.965 19.592 2.609 0 124 121
-6.047 20.013 2.711 22 71 70
-5.935 19.595 2.533 27 70 65
-6.036 20.015 3.021 24 72 68
-6.007 20.016 2.707 22 70 65
-6.022 20.016 2.887 22 71 66
-6.008 20.016 3.018 28 69 64
-6.002 20.018 2.683 22 68 63
-5.937 19.594 2.606 6 134 130
-5.993 20.001 2.467 16 45 41
-6.030 19.732 2.467 3 119 114
-5.985 20.018 3.015 21 72 71
-5.988 20.217 2.437 6 76 77
-6.062 20.013 2.766 2 111 107
-6.060 20.014 3.024 21 108 118
-6.026 20.015 2.941 26 77 67
-5.934 19.594 2.510 28 75 70
-6.029 20.015 2.721 31 73 68
-6.032 20.010 2.450 33 50 45
-5.950 19.850 2.608 12 73 64
-5.993 20.018 2.932 27 73 64
-6.005 20.013 2.430 33 49 43
-5.933 19.594 2.583 27 65 61
-5.926 19.697 2.474 8 88 92
-6.032 19.983 2.467 9 46 44
-5.985 20.018 2.705 23 70 65
-5.963 20.126 2.565 5 94 100
-6.005 20.018 2.897 26 71 71
-6.049 20.008 2.394 21 72 65
-5.973 20.176 2.402 5 78 76
-6.066 20.011 2.903 0 107 110
-6.039 19.824 2.462 0 136 128
-5.965 20.160 2.515 6 94 103
-6.052 19.974 2.461 0 94 88
-5.964 20.131 2.608 7 103 104
-6.013 19.992 2.467 13 45 41
-5.977 19.812 2.470 11 52 47
-6.017 20.011 2.355 32 61 55
-5.956 20.016 2.270 36 71 66
-6.004 20.010 2.083 15 55 52
-5.994 20.013 2.147 27 55 52
-6.045 20.006 2.204 18 54 55
-6.006 20.011 2.131 14 56 53
-6.071 20.054 3.027 18 80 75
-5.974 20.015 2.149 22 57 52
-6.043 20.006 2.176 14 54 51
-6.021 20.008 2.178 12 55 51
-6.050 20.012 2.238 19 59 56
-6.100 20.491 2.596 7 78 67
-6.033 20.007 2.039 12 48 47
-6.014 20.008 2.048 13 50 51
-5.960 20.012 2.046 19 60 55
-5.990 20.017 2.993 8 57 52
-5.976 20.011 1.975 14 48 48
-6.001 20.007 1.807 10 48 44
-6.051 20.013 2.265 19 63 60
-6.067 20.018 2.988 17 58 52
-6.026 20.013 2.699 13 56 53
-6.032 20.007 2.011 13 50 47
-6.064 20.029 2.801 15 61 60
-6.094 20.406 2.598 3 67 63
-6.028 20.008 2.136 10 52 51
-6.000 20.016 2.633 15 54 49
-6.030 20.008 1.991 15 50 44
-6.060 20.018 2.689 17 60 59
-6.048 19.890 2.605 1 104 95
-6.074 20.201 2.594 15 80 73
-6.058 20.146 2.027 3 78 80
-6.030 20.008 2.157 10 54 51
-6.014 20.008 1.868 14 47 46
-6.088 20.455 2.460 12 56 53
-5.959 20.012 2.025 18 55 54
-6.068 20.117 2.709 14 64 59
-6.102 20.556 2.492 20 66 61
-5.982 19.588 2.484 10 58 53
-6.033 19.751 2.522 14 68 65
-6.027 19.643 2.605 15 77 70
-6.030 19.678 2.607 6 113 100
-6.034 19.745 2.604 15 115 105
-6.067 20.020 2.965 71 85 82
-6.064 20.025 2.845 80 95 97
-6.100 20.523 2.471 64 78 78
-6.089 20.390 2.461 66 79 78
